03000303010000060101020303040001
01060101050302040506020004070306
01040300010305040106010700040505
07020302010403050502050704060103
06070305030104060500030005030406
02010001070203050606040302040207
07020604010504010004070606010602
04050100070500020502030401020400
04030306040207020201070101030003
03000100030300050103030107070506
01010306070307020307040301050001
02070303030105060001000706060506
07070602030100000107010307040206
03040302070604070406000602000603
03010603010102010002070000050000
00010507040206040305030405060100
04000407020405030105020403010107
01000407040305030404020101040201
05000201010006070204020500000406
02030206050103030500050400020602
07030307000601020403060502000602
01000506050401040506030003030405
00060004030601060505060100040204
06030204060506040401050501060503
02070307070705060304040006040206
06070107030000020303040301050401
07010300070203060100020306070603
07040307040304070702070607050702
06060103020603020201050504030401
03060604050007060006060300060705
01000600020702060506000706040307
04060406050507030506040002070206
07020302000303000001030500000701
01030606040001040201020504070301
05060107060005010506050001040103
07030704010305040607070402060207
01030004040504050307020507000506
07050403060304010007070703070603
03030201050301030404040705050605
04000004020004020503040301040407
06010107040002050707070400010702
06040707060306010301040202000107
07070600020102030201040303010004
02040203010603040301070404030004
06000107070406040701070404020001
01070602040707020004000301000405
05010700060407060502010505060507
02040300070705030006070006010504
02010701030106000402030001070704
05060401020306020703070706040407
06030305070605050707020704040004
07010701050200070206060705000603
01000705060501060504070102060200
05040005000004020701010601030403
04070302070306010202020603020605
06030407040604050701020407000407
05030407000004060004040506030107
02060504010205000704000102040303
05060302010701050407040204050203
03050007030105060405070104000601
07060203010107040000020106040701
01050307070305000406070106020605
03020305000003010701030406000505
00020001020402020400020503030301
07010507070101060200040200050305
02050101070701060607000007040003
05060307060301010607040605040201
06010101010702050405060501060607
02030105040400060506010500020501
05040402000400060304010505010307
05020507060603010002010602020005
03040607070607040100020200010504
02030403000006030004070401060501
06000601050306020206070001050404
01050702050006010406060605010700
05030101020503050406010606030106
05050707070201020203040201030205
05000007070401050004040707010702
01050107000207050307000706010104
05010500050606040505020707030002
05060401020604050201050204040601
01020203030705030204050005060102
07030506000702020202060205000104
02030206060407070503070403030704
07030106020704020104010105070004
02050105000305010603050600060005
04010602030400010007070207040002
00060402030007010107060300010403
05000405060007060001050102060305
07010202070702050500020501030501
00050403000407060405000300030400
06010405070702050607060605010405
07050702060704040501010504020601
03010200070200020506010004060500
03040506050201070505070200060505
01020103070403070404010607020001
02030103050202040401050501070207
02010606070604010102070505000703
05020204020100060202020507070105
00000502020201040204030401040503
00010704060307040407000603040001
05010502060505050205030707060702
05050203060604000102030704010703
00000503030706010007040707070203
03000600050605040206010004070704
06030205050506010201040706010405
07050406020505020207070502000000
06020700030407000406010505000704
02000706030602060507000301000302
03040403030704050507020506070503
00040205060601040405070507030404
03000303010204040303070407050104
05040307070602000201070506010003
04000004020706000206020003010004
00020407020501030407020707040501
00030507020201060105060602030405
02040701000305040004050407030604
03030706050702070203030504010406
07010703010705020203000101050701
06000103000406000407000706020700
06060706050602020604000701000105
03030606070400000302060201050201
00070001010303000600010304020507
03020403050503040200030307060003
06040206060506050007060200040406
05030403060206060007020403030702
04050307030301000604000301050701
04040507060405030603030701030300
06040002030006050503050701070705
02050207070704050703060305030204
07030002010302060000010000020702
01010206000404000006000007070005
00010403030706050106040504030302
03030001050607010200000706060601
03020401060203000502000401000407
04000506050103060100050102060506
06020401010304010602060605030707
06020102010405070400010105050602
02030106060400060501050100010607
01070406040602010207040404020206
05070506050600040201070307030405
04060503070405060205070305040206
03040207060104070307000203010506
02050301010500060607070106060204
05020706050703030401000106050600
07050703070504050201010604010700
05020203020105000100040105070701
03030006060703000606020206030706
05010606050704010703050502010104
06060205020104030105020104020705
00050007050202040702020702060602
00040300010207070607060706030207
03010603070005040101070702040304
03030202060503030107010504070004
03020204000602010404040502040500
07050406010107060604020706030502
05040504070306030601050701000507
02030600070702010007010000050702
01010603040600020501040501040204
03010702060105000007030201070300
05070200010202060204050501010106
04030205060506010201010307060203
07030106070300040603030400040301
03040001000107020506060205050001
05020301040104020106060604060000
00010204000701060103000306040106
01040605000104020502040507020002
00000301010402050207000507070104
04050603050306000202060507000300
00070105040407010600030200010501
05030006000203030705070304040305
03000104020007060303010406000500
06050404030206000106020101070506
06050707020102010203010304070505
01020503000402010104070407030501
01020107010307060002040400060503
01020703010001040105060302030000
02030502060600070606020007000105
06020604010007060704030002070404
00030500020406050507070506000303
02020506030004030301020305070004
03030001000702040703020500050503
01050102020000050205020305000700
06020305020507060202050405010605
03010502070103050200060002020404
00000104050103030400070501020505
00010702030701060506070602060706
06000705010102060205010104050004
06000103040404060303050100020602
01040203000103070401060005000207
00070205060502060104070706040107
06060003060501010200040304070704
00020303020207010200060104070307
06000704050606010105040203060106
02000707060406050401010102020601
04040500050407000305060006020604
07060307030106040507040203010704
00070003000303020002060401020005
05050702070705030001060705040305
00000604030303030200060004010402
04070304070506060404040300020207
03040404050405010701040405000106
05030006060604040700020506000302
05030105020402070104020204050703
06010307010007010704040505060403
02050701020502070605030202000604
07060606060201070202030407000005
01020405030300000305000503000006
02030507050206050704040001020406
01000004060005010200030203030006
04010604000302070401060706010000
02040605030403030701010401010602
04010101020701010000030507030700
00010106050504000201000704040703
04070606010205050104070505020200
00050602070706010200020102060706
03060105030005040100070601070702
04050305070102070702000002060507
00070105070701070707010306060300
07050703000505070304010000060601
06020702000105040505000301010705
07070100060105030703060103030401
04030606050601020202070600000702
02020504030303050406020207040506
04030000020600010006040607050105
00040306030107050003040002040402
02070403030503070304000005060606
02070500040202040406000601020201
01060602010203050105070400050200
00030307050100070304050505030305
01010503040007070500040406010605
01000507000201060301060303010002
01060005060607060604030104020001
02070006060704010404010501000100
03040106000001020005040204060203
01040107000201030403020202060305
05070705030104010302050507030104
07050205040603030500020605050204
00000101040302040102010704050707
00050601070204030605020704000306
05040103070300050702020207020203
06060204040105000007070605030003
01030207020007070505060306040105
02030707070105060301050202020304
04000602040200020002020200030006
03010705020402020603020707070301
02070101000702010206030001020606
03070402060105060703060005060600
02010506050306000100000304060401
05040407050207060306040506040406
02010006020005060301020703010206
07070200040606000105030401010607
05060401020003050002030003040300
04000607030304050504010100030606
07070503070607040401050401010602
01040304000506050303060104010700
04030303070302040305050702010506
07050507000007010101020503030303
01070206050007060002030604020704
05070403040204050501060300000507
04010302020704060505060306070205
04040705020706020007020203060603
05040505040507010704030002010600
02070406010707050504020305010600
07040604040505030502010106060502
01010106020301040302000202060705
02070403030406010204010106000007
05040607020207040707050500000202
07040502000004020406050407010307
02030606060305000304060004070700
04020201030604040403060104030606
02040401020000020005030704070701
05000705070406050307000201030007
07060301000604030207010604000201
04070401000205040607030107030003
00000306010402000506030103000503
07020102050000050107020301050207
03070407070004020506000307050503
02060007050404070201020407050502
01010105060504020703060105030500
03050004070600010307010300020200
01040100040005060500070107030001
02010607050106020303030603010103
04060303050606050505050702050602
00050303040004020004000006070705
06010404030305040202050700010204
06060505000106000401070207050103
01070600020305020500040006000301
02060601040600070105020206040603
06060101050604010303030607030702
05030300070207050204000505030505
03050007070401050004020300010102
07000403040002040006000207040303
02010705010603060400010504060100
03040505050002060705040300000703
03060306010206050203040006040004
05020206020402030203020705040602
02010302040704060605000205020101
07060205070207010500030303040002
07020103030306040006000303020207
03000707010006050600060603070507
02000406020704040607040300060006
01070307020007050606020201010707
05020006060206010507010101020504
04000302010204070404060002020202
04030001070607070303070007070700
02060100010504000200050002020003
07040106010605050401000507020402
05040506040701010003030605040102
06060301070001000304030207070702
05050100050404010404030003050500
06070507020702000707050503020006
02060206050004020105050300050400
01020403040705030701060400050401
02010205040705030207000701030005
04000401000705010004000106070003
01000104020204010705040403030503
07000200070504010203040204050503
02070103050405070206060100060100
05050206050402030307070407010701
01060102050402070705010701000707
06060305010607020303060607040105
06010106040207010507010701020305
05030307060407020200020301000705
04010500000500040206000105060404
05060302070203060606060506060300
07060201020607020001000202040206
05060403070006020305060706070206
04010703010107040201070105070000
00040400020404050605070707000500
04040402040401020107040004000207
02020105000207030402050702020100
07060702000104000503020703060607
01000506070400060204070606030704
00050205030307060401040405040605
00010000030404030507010106000100
06040701070404020102060201010103
07010702040400050606000401020405
04010100010407010306020107020603
06060707000605020406000002070007
07010505010006040505010706000301
00020307010705010604030600020304
06000500050000070704010607030003
02000203000700070200010302070301
05060506030103070101010207010400
07020502060204010105020003050201
07060401020000010700020601020003
00060504010702000203060704020302
02070702010300040307030501010303
00020200010007050406030405000002
06030103050103050306050703010107
07020506020703020600070701030603
05020607070102040000020503040503
03030600040707030706010302020403
07070107060600070000060002030605
00070204070001030405020306000103
03040604000506010007050206020707
02030102050500070506010005000501
07050501000406040505030307010305
01010402060101070301050704070107
00070605070206040003020702010402
02040204070707050506050300010304
02020204020207040502000405070304
05020505000302050407020500010302
04070405000205070207060001040207
05010507030600040102000701050702
06050005070306010701000304030300
07060703010704050504000506050602
06000106010507040302010206060204
03070704040007040602030207020604
07040100030702060401070404020000
02070502000204000501070406070501
05020102030104040005060504000205
01020506070504020002050105040405
02050405070002010107060103030203
06010203020403020203010004020507
04010004010700000103000607000101
01030205050402010005020303010100
05020107020507030100020403030001
01000405070201070105010603030606
05070103060406030704070406010705
03050102010606020101070601070002
02040706070506040407060301060305
06020007010001000203070704010107
06000005040707040307070101040205
04020607020402000007070605070601
00050405060704060002070707010706
03000506050506010605000505020000
04060607000500020501040101040303
04020507050301070105060605000700
04050101030604000404030107030605
02070406060305060404010503060701
06040203020705030006040703070200
00030201030603040204040603010506
00020404000204020300060607070403
04010103020601050601040501000007
07040302010203060306050501030107
04050705020403070605010507000406
04040600060703010504060403000000
06050607070104000605070203040301
03060002070200000705060501040201
04050204020707050602030201010504
02040307010300000306060205060103
03030107070600010205010204060600
00020602060304030306020607040403
06060306050207000107050307030404
05060406040000050703050000010104
05010402060501020705070204020002
07020705020605040404060504070200
07000701060702040700020300020300
00030402020403010501020107070705
00020501050601040005010703010602
00050400030205070005000407070701
02040606020300010603020406010601
06040706070703050105020406070401
07040107020307050001060602050601
06060100010004060304020204070106
04060100060202070100010405040701
01060000060104010203020504070705
01030002020104060504070607070200
00060702070401030603020703000300
01000500060403030700070707020201
04010506000003070706070004070606
03030705070304020006070507010706
03020207010403020705060604020705
00020205040500000303040706010702
00010204000505040703010301060501
01070704020503010201000101010707
04010204050703000607030102050502
02070005070606060203060203050605
06060400020006000602060505010100
00010403060507030706020400050504
01060403040000020504010304020605
04050303050700040701000105040500
00010106060201070503050103060204
02060707060704060605010703070206
01010601050200070703010207070202
00060202000704040504050102000405
06050704070600010501000702030404
07000506030606010502070707020207
04000201000703000301010400020104
06050006020605000700060501070303
05000206040201040202040201010104
03030001060405060205010604000002
04000306000701060705000401060703
00000706030205020301070604020301
04010200040305060404070000020407
03050503040704050503060402010601
07000101060706020000070002000507
04000300070305070100020605060501
01060300030704000507030304010305
07040003040304020102010203020704
06040003000507070104060605000600
04050203030106030001050306000507
03050005030701030405000607000101
04000700020105060000010107010701
06070607000306010606040000010106
07060504020301000101030507000501
05040702020405060402000002030207
07030501030303050600030002000504
07030300030700070102050604050507
02010005010005000206030605070303
02030502040302040303000005030704
05050307040305010602000104020003
04030003060505060303020201010602
07070506020107010307020400030502
03060307030303000604070707050502
05070003050704010201040502060604
01040307020006040507050606070706
04050305030005010101030401040105
03060207000606050404000402030404
00070703060603050105070703070303
00000504060606030505070004020205
01040705010703060106030606050202
07010403030406010302000700020102
02030601070602010206060502000500
03060107020003040703040207060403
06020306020604050704010007070705
05010607030104040203000601020607
06050607010007000304020706050101
02070301010707070502010400000603
07020400010206010402010002020407
03060000000704060100070300030205
02020103010305000006000103030503
02050501030301060603030505010600
04060301000504010307030600050600
07000501070502050206050104020107
04070502000103060304010003000306
03000406000504020507030003060203
03010701000702050603030003030505
06030302040706010303020102030200
06070702060605010704030704040302
04070407060402020401060600070206
06060607050000030203070205010706
05070504060302060100060104070605
02030402070402000500070303060600
01060406040406020603010606010100
04060601010007020004060304020501
02000302030701020703020205020206
03000501040106010401020107060403
05070704060003010000040000010707
06070001050500060605030505050506
05000500050003060707050304010002
07020002030406010706050106070307
02000601010203030307010702070401
06060501030501070201070403040605
06050205010305010101040104030306
02050700060103020505060603000400
04070307040104050002040207070304
06050600020406070200030302050006
02070400050201060304040106060507
00020606020105000303030204070702
07060301000306020605010002070501
03070101010100050704060701060204
00060201050102040607060201040700
02030200010507000202010301010706
02070400040300060205040101000401
04050302030402030003000103050507
04010302060401070602060404010602
01060101040103000606050206020503
02010106030601000403020405050105
02070605020605020001040405010704
07050702070603050004060202020004
00020103010101050604010403060404
03050600030006010707020600070401
01050206070600050205010203020700
07070004030600030404070404010305
06010005060205000105040507000500
05040506070304020007010602010307
04030103050006050202070701040206
05020707060104070302000506060200
06000605000300050202000101020606
03060304010403020203060107040407
03000602030400060201030203020107
04010400060007060503030406060001
04070403050000000200050306050405
05050505020001010405050704020601
04050101070303000102010106030403
06070106010705050406030200020307
06060607020107060300000402040200
03020104040304040700030200020304
05050500010303000402040200040300
06010004020403050000050406020401
01070205060307020603040503070304
01030602020400040207030202070207
00000100060601000201060703060102
04020707020301050100000204010302
03000206010401000001040003020705
04010301020701060304050206060300
04040206020506020200010501050105
01070706020502020001040507040105
05060706070505060202050102040601
03000503010306010603070706060302
03030306020704020505000102070500
05020002070101000506000602010200
00070506070402070202060001030102
02060304040706060002020000020104
06060507070102060300060302060104
01020403000505010101040306050002
01050000070001040300030304000301
00020106050102050605030604050004
02070502020303010107020204000706
01040200010702010303060006050405
04070201010505040102040205070107
05050507020606040500070102070407
03010602060401020003000004070601
05060306060102010107070705010706
00050302070200070401070307050501
01020102040406000300030706050006
03020405060100020403060704010604
02000505020103000605060207070605
06030300010702070004060105070207
06070701040400050500030305030602
06040606020205060702010506050506
03030604000701070106000101010104
04040403050006060705010703010607
06030602050505020000000600030604
06010201030602050602060206000603
07020006010002000600010103050204
01010002010400040603030403030205
00070106030507010102040402010107
01000200040202070506060301070106
00030105030200000301040200070505
06060707040501030704040201030205
05040607060703020401060403020403
00060504060400020701050503060601
05000105020505030103050206050201
06060104010303040601030507030500
06050207010106040007070003030505
01070100050000060204070000040003
05010707040600070501060505040406
00000503010203060501020000030001
05020107020204060504010400010004
05010404010307050407070301070602
03050107030607030003000701010303
06040103060307060503020102070405
05070700040207000301010702010402
00010504070005060602030605010104
01030103000106070402060304030606
03070403010606060304010103040000
02020105020304070201000404050302
00070500020104020005060700020705
07070504010102020304000001070307
06020004010705040500070504070405
02070401060301030506030007050203
01040507060105000304040606050504
03000700040104070402040207020700
01020405020400000506000407000104
04010606060305070003040106030204
07040104040306020403020506020404
00070606070605070505070201060602
07070006020600040205030402010600
07020300010005070401050104000100
03030101020001010307000404020302
06010704030207060401000607000701
06040507010404070703020302020002
00070004000601070400020606070106
05050202010605030502000407070205
01060505020402070607010604040207
01060602010303050707010103020000
03030206070105020005070100010400
00020003010001030602030304070704
06060701020505070303070205010605
05060404030005000307010104020101
04060500000407010006040301040201
07010601050001070300050302000503
03000000030407060503070001000402
03050501070102060602060600070006
02000100030000060300010303000605
03040101010706020403050500040207
04070605000105040304050407030507
07000107070300020501030403020301
03000706060007060400010406040400
06060500030405000500040006020603
01040400020307060204060704060100
07020405040100040405040006050403
07010504010006030705000700070007
05070200010300020203020704040402
03010107010105030005000404000300
04070506050505000204060106050503
06020006030505030100020400050200
05030503040304050707000106030101
06070307050105010506070301050703
03070206060101050504040206030203
02010200060002010704060102000702
06070501000105050104030602050606
04020705060705000201020207040607
06030002020506050406000507040301
01040402030707040401020405010504
06040305000700030000020301020403
01050104020104070607010104070207
00000305010600050107040502050103
03010302040702070207040303060203
03040207050306040600020307010600
06030507060401030104070506070704
03040400030607070206050105070201
05030704000406060706060504050006
05050106000002050103020306070400
00030306050502040306020305030001
06010400030300040402000706010000
06050403060102000006010101040206
07040603010604060704010307040400
07050703060003070105060700060304
00030706020103070302010102050401
03050707030400060500020504060407
01070302010200020601060101070705
05050404060104000606020702070600
06050007020205030707040503040202
01020700010507010303040001070202
01020103040605040604040300050305
01030300020307040506020104020403
03010405070607020001050007020202
04070706020402030105040507060606
03000205060303060507050002050601
00060704000400040501050400030507
02020200050001070207070700000404
00050205050003040105000700010601
00020603040007020104020301000606
00050201020101010701070501050404
04020406000402030403010705030002
05050701040704040203040303060502
04030104050304050603020600020705
05010500060505070207020100040703
07070002070204050201050507060200
04060601030004060705050403070606
06070502040100050202030402020006
02030106030302010404020302000702
02060103070607030607010502070005
05050302030007050106060405060205
02060501060403000307020301060005
05010701060202060400070604040206
04060400060607000706020502000601
03040500020106060201050507050701
04050604050005070701000407000607
03060005010004050700060504020400
05050100070307050406070202010102
03010601040200060604050106010200
04040206000402040603070500030404
03050003030105070404020600030600
07070207050505050007060506070401
07050404050301050701000604060203
01010602060307040006060502020007
01050504060305060602020401030306
02070500040602020704070706030605
07020305000601020300030606060601
01040205030702030507020306000501
00010703020501070203070307070300
05000604000707000104060106070600
03070302050605020104020101060706
00040407050704050403070701050104
02020407070402040405050300040202
05020706050400020403000304060402
03040305010006070207020706050502
05010600050303000707050301040203
04040002070303020403030700010401
03010500010707030303000402010301
07030701060004070301030701070107
07040405030404040705020704060400
02050701040601020207070500070201
06030205020304010705040403030103
05050402050407040304060705020202
03000407020506000600060606040705
03010104070303050606050005040403
05040500010006040307060007070502
05030701030402020605010207010407
05050703070502030705050102000404
00060005000007060606010200040403
07040601030701020101010105040705
03000006000406000607050201050207
01020403020302050307050304020605
03030406020403030305050105020000
03030607070006030700060107020005
05010303060505070103020102010106
04060104050501060606000007010407
07020202000203020005040007060103
00020105020202020602060504030000
00060200070005000005040506040307
02070607070101060103050001020206
02020302030707010505020407070400
05020407050402040303010406010103
00050602030002000203000600020506
04020505040107040703070603050707
01010703010200060501040501070705
02050300030203060201060704050204
04060004030602030201020502030500
02060001030404010004020507070606
06020403010503030606020603020702
01040703070104010005040207030201
01030407020607010406000405010207
01050406050404040100060607030501
01010100060607010406030703070100
00020300060600070705000606050301
07050007040305050504070006040105
01010405030505010702050605030204
00050202050705050704030602070506
06050502040601010301060204040301
03030700040203000703050104010602
06020603060707000304000203070303
01020305020105050305050604050406
00020106070707000407030503010507
03060206070004040105010207050007
02060101010500000502060305040407
02070606060601010501070002020303
05030306040201070406020504010205
06050000000201050000000401070501
02070205020105030207030201050004
05020307010202050104040100000702
00050006030703020503050101070607
06060606040307020504030605010107
04010300000407040607050107000701
01030005020600050306040000000502
03000401030600000307030105030207
06040304060403020200060503060205
01010302070006000407030406060600
06010104040404060402050201070201
01010206000301010707000203070103
02040502000005030300070207050603
07000705030203010402060600030705
02000505020006010100050202040301
06040607000100030106000006000301
04060204020305070207070504070307
06060305020603060700020406000502
03030303030206050505070607070706
03030006040701070206030405060705
06020306020402060300070206060205
05010500000001010100050702030705
02010404020507070505010403020305
06020001070201030407020601060202
01050105050700070207050002070607
05020600070501040503010206040202
04000506070404030002050700040304
06040006060703060400000200050107
05010701040407030405020506060505
05000001010302010502010301020001
03060001010201030200010105070201
00020700040702070307030506010003
06040602030502030101030204030201
00050701000102040400030504060304
04070507050705040105050100070106
02070707060507070605000203030507
03020202060005060206050200060602
03030404020607000305040207060001
07030204070501010500070206060707
05020505040201060405020400070603
03050504070503050303060507000107
07070105020601050007070303030502
07050500030307000502040306070104
00060603040300040103030507050402
07020607020705010600000402030404
07050001000502020407030407040105
02000005040005020605060006050205
01050601050505010302010202010107
00000303040102070301020606000607
07040006060505020203030000070300
03060205010500070303000300010600
04010604050305040302060504040002
05040304030301060001020306070007
07050607030502030004000304030007
07040004000000000101030407070206
01000400060401050603030500010206
04040703010100020700010307040204
00020607060700000606010302010700
07060000070303040004030704040100
02060505020505020707050105040003
07050502040106050607020405070506
00010001060106030202050205000207
07030106050306060505010705030204
00000301030406030401020701000302
05040006050601070401010203010400
06070400050507000700070604030506
07010301010407010700060007050601
01070002000106030704050007030506
06050400020407020701040006040702
05030204000602060003070703010201
01050006050707000202020101070307
01020306070504010101060604000706
03030001060201070405070302010200
07030502040004010000050006020402
01070102020201060201030707070303
06050300060500060006040305060302
02010106000601070403020607020307
05070206070704050405070406040500
03040503030505030404040401050701
04010207030505030402030604040605
04010402050704070603050702050303
07060004030604070704030100060601
04010401000005010202010506060701
04030303060404050100000003060102
01010704010200030602030500020305
07060604030001040302020703030603
05060703040006060207070601010303
05050303060206010205030706070005
06050506000701030007060304030406
02020704050403050406010607060700
02070401040001020103000506000303
07040200010301020406030204060204
02020205070102040101010300030206
05030202070002020600000402050003
07070400020601000203010207030704
01040501030002070206040605070606
04020702060300030705000504060606
06020703050707060704070300020306
00070504010606070500050401020300
00050300000402010002040305050107
02010006070701000504050507050607
00040000030604060103020204070506
01070400020100030406020603060302
03040205050407050507010107020703
03030201040400060704050407060003
05010702030104050606060501020703
06070703040105050007060206060600
00010101010605020502030403060603
00010505040200020700000201070602
01040401070602030000010001050402
07070205060004030701020407010204
00010002020703030504030606040405
04010606070305050401020207010201
07070206040000010503060205000703
02050701060402000205060502070506
01000505050500000602030407030200
05040007040700060306040502030307
06040300040407030503070607010600
04000604010006000603070300030004
07030501060003020506030104030700
04040105020306020604040204020100
07010701050701020401030001020101
02050202010100040306020501050104
07030107030203060106060500050703
00060505000500030700000305050607
06040305000105070702010102010705
07010501060504020604020400010004
05040101050102010205040000060404
04000601040401040400030103020105
01060507000701000101020004050106
00060302020307000102020501030204
04040606020504030603060003070304
00020301020204030601000704060103
05010600010300010403020601000303
05060302030704060605050102020703
04070000020706000400060407070303
03040507010700060204040204010603
03060703000207030702040607040307
03040403010100060404010405040102
04060401020307000506050002000702
05030705050005030307060105060304
07010106070300060302010100060307
05010307040106000400010503030302
01010506030700020407000304010103
03020203040001000207050506000403
05030100020307000704020303030200
02010106020005020006070201020604
02060703020705040203060106020103
03000201010706040603000304050407
04010501030100030203020002060701
01060107020103020307060002020504
01010205010000000000000504020705
02040404010605050200000507010703
07060007060500040202010704070201
01060602040501050506030400000000
00070000060204050005050304020603
04060100040001020200050706030306
02030406010306030307070204040001
03060502060300020406040204060201
06020004050502060406000701040401
03000404060406070100030402050503
03030400040005000702050402030501
01070701010102030601050403050303
01010006000305060203070301030300
01060501000003020000060701060507
05050603000601040407070506030002
02000507060303040104010104010002
04010106050504070301020302020306
01010006060607030500050006020400
01070206000106060503000300000602
06070701060206000505040302010305
02070304050307000403010004040302
04040105000007050100010503030006
03060502040107040606060204070002
06060204030201030203040004010502
03030403020700060701060207000600
06020005060201060500040002030505
02010607000301060506060104060205
07020000040403020604030401050503
00050301010306010001060606000003
06070302060700050104010400060100
02070002060407070700040403050002
06000401020006070701000502020606
01060503020505020103070303030104
05030603010600020101020300070107
05020004040401070303010605070702
06010403070300040406010004060200
04030102070102000102020707020107
03050006050201030306030707050206
05000206030706000707010606070007
07050005060102050503020201020600
04060304000706050201020102060401
04010105040204040603000500020200
00020307060706030205010700070705
03050202070602060707070101060407
07050606050004000503020600050007
02030607060204040505020402010000
05010402060501030306040203020405
01030105050303060202060502070502
03000304040705000506040700050506
03050100040305030002070701010104
06030502030103050501070405010406
02050001040102040000050706030107
02020605030205040007020007010607
04050507020204040707060500060605
00000200050601010402020405050605
05000301050501020301030305040200
03070207060604040401020603000705
02030103040502050200020604070706
06030100060001040002030201030201
07050202070106070200050703020704
03060701020500020602070405040507
00020307030307010207010702000601
02030203040105060102060302020205
04060203070707010604040503030505
02010702020007070201070404050003
02010002020302050703010707030500
02050503050707070400000203000605
05010701050106030404000300000603
03000304070304010005020200010302
02030102020006020101070301070600
00020201060601010101000207060701
03050606030400030303070502070001
00050206000401010204020104070200
02050300010605050300020604020205
02040605050506030402010703010007
07030702050106000702000201040003
05010402020306000606010700020004
05070706050001000300040300020405
04020107040302060405050705010406
06070103060003000101000001000607
00050100020107050100000602070104
05040001050307000301070600030107
06070505020600000301020603040704
06060407020603030500010300070406
01060606040000000702030105010206
01030400000401070707000101000504
01030706070400040002050103050004
00040703020106060104060601070703
04010007010403020605020303040707
04000200060101020700070300020602
04040601000400070101020705030101
06000400000200070507030507010202
02040702010106040106030201070507
05010601040103050004000706070206
04020607010506050304070203070006
00070102040704000604030606040600
03060403000204060305020206010502
03010401010006010702070604020600
00030205000607030301060302050301
06010104020704040502000506010504
00000402010707010606000404030005
04060602050301060407010401020706
02010100050405050104060407060306
06030006010701010500060305070002
00000007060005050401020603050603
05000607060604060604000204040204
03050407000507070506050400020406
01000405060202060604050302060003
06070204020201020206000003050506
05010104020101000601050206040707
07050201030207070607010000000604
03040300020102010602040602070400
01020402040502050700060506030507
03020507040504040600000405040503
02040303060707010704070203020101
04000306010000050701020603000207
01010000040305030402050306000305
00060404050404040205060104070706
06060407020103050001070307010503
01000306040207040107020705040002
00070102010303020703030204020406
00020302000100010202030002030206
03040100010607000001060607060100
03020604070001030504030004010605
05040500020607000300000105060405
05060001010406060606000005010706
03050000070406010507000403010104
07070106030007060206060204030606
01000203000607010705020605000501
05050701020500010400060207050602
04020101020604070201040707070105
04050400070105070202020406020601
00070502020002060500070504050102
02070402030207000406050306010000
01060201030704020207010000040502
01010702000501010005000107000506
06010700000302000703050001060205
05060306070203040504010407000005
04000103010403070201060107040402
05030407050304070102030605020005
02040304040303070600060406000602
05060004070700050500020604060305
07000105050000020302060501050507
06070405020001060701010103010004
07020201000201040503050600020200
07040502030501050100060200000505
03000505000702030701070004070005
03000205040001030004030406000001
02050503050502050301040101040006
07060100060600000706000001060500
06000003050404030302040703000407
05060307010005020300050502060707
05040303020200020407010402060204
01020003040600030500060000000101
02010205070507050400020307060601
01020505070200020603030006020406
06030200030205010107000200070704
05030601010601050007010501020102
06010307030500000601020707050105
03020000020702020100040504020702
01010203040704040104000202030204
07020203020400030002000200030506
06040600050601020003050301020507
02000102030106050707070305000003
06010403040001030200060407010601
07060605060500000706010301020206
07000404040400050506010206030600
02020307020604000506030304030606
01020405050206030402040101060206
04020305030304060104030206010700
07050101030003040303030500050207
05030504060705070406070504050006
05020102040306010606060407050603
04060605050206020501040500000504
04010602040105030204070003010207
07030607000304050401060203030400
05040107050101020205070100000103
00020307010007040407060204050302
00070303060506060207070703020506
07020000000505000107020500000401
06030103040006010307050204010202
07020002060205050603010300020701
04000203030702020203030505020503
00010607000501060603020305030705
06020107000100060302010706020007
02040705030706040406070102030501
05020202050204040100020202030302
04000101030703060005030502060006
03010002050104030507000301040706
05000704050106050703060400060206
00040605050101040601050102010405
06020400020007000205070705030601
07070606030301040201020107010002
00060702020103070706020103070006
00030405060101030403030506070507
04040607050005010102000201030205
04060706040406070602000000070407
03060000050400060506030601040707
02050101070702060406000307030505
06070202010505020007050003050306
05040306060405060504050103040603
03040704040303060104010404030404
03010403070206050003020200040604
04030504050700070102000207000102
01060406040400000300020207050506
03060506050703010201050200000302
06060504030405040103010600070505
03030002020603020403000503010103
00000606070304000103060402040704
04000304070104070701020006040205
05070205060604020200050302000503
00030301060502000200030202030302
06070005070601010707060403030003
07040302010003050402000305050702
02020701000107040200020403000302
01060405070701070406070005000402
00050202010502070207030506000402
01020102010703030703020404060605
03000407000701000605030007010001
04060702020201070105020504010502
04050602060102020405000202070303
04000507040007040404030300030306
06060204070703050105060500020007
00020502020507070702040306050203
06050101040202050002020105060106
00020402060207030603060505020003
03040000030103030105000405010606
07060602050104050102010202010102
02060000020404060004050101000406
04030206010406040606050503070707
04020400010400020301020206020102
00010302010406020707010107040103
06030502030500000002000606060300
00020602050003030402050005000103
06070303060302030306070206060700
02030100010406030107060206010501
07070600050701070205030102030302
01060707020103040100020506000106
06060506060200020705040306050107
07000604030505020403070502010502
00000706070104060602070407000204
04030706010403010406040504070407
05000602000504040004060106030507
04040200000406060007020602000102
03060501040703040705000300030105
00030501060605000300000005070200
02070100070007060407030401040605
00020404040403000105060301000006
05050102020600040205060605040706
00070403030500010202020605020706
03030102050603050504040607040704
02060300000201030505040201070005
05050505030406020707020307010102
01070105070501060105020502040202
03050307040407070401040500000500
00030404030704050107010407040205
00060203030101060301030300070305
02050105020604000307070205010207
03070605010100070305030506040701
02060303040106020607070107060404
05030003070500010000000504060604
05020705070404060402040406010102
07030402010707010202000102050507
01010602070603040105040405000701
02000005040107030101060503000302
07000501050303060602050500070701
02040702030001030101000602030500
04020005040001010500000603010505
06050301070206060307050106030703
05010307040501060505000003050303
03020006030406010105050207030606
06010204030500060606020007020707
05000406040503050701000106010404
01020603060702040003070200030001
00040607060006000305030107040404
04070107020705030105050407040202
07070307010304030004060101060003
05010000030104000707040603030305
01030201040002040502060202000603
02030104070000010404000207070500
06020700070402020104070001030504
02030400040202040701050202030604
02000700030601060604030000010106
06030501020606030500000200020706
07000005020307010000050707050000
06010700060301010202070003010703
00070102010701060405040001020207
06010205020204040302000603040407
00060207070404000201040302050200
04020004070106070203010505060203
04060602010501010102000601050505
00040704040000060703020606070406
06030600000406010204070001010703
04050603010200070406040403050302
03030005050002070302010200020206
04010100000103070604030600000000
00060007070307020302060100000601
01060303040000000306040706010405
03000204020504050105010101070301
04040605070006060403050305010004
03020201020004020001000207060604
05030702050407010500020602000407
01050201020104000007050302040603
00030207000001060400050502010601
02030201000107020302010000060604
04040305060607000504000201050106
00030501010006040306070202040006
05020206070106050304020704030705
01040202060506060600070602070201
01060000050300020107070404070607
01020606040004030405030202040704
01010404060002040502050406050102
01020405030403060003070201030701
04050201020001010500040606000604
01020703000604000601000302010403
03000004010100070103000203000006
04000502060100060701070103010704
00010205030507030101000505070401
01000601060107030007020700070207
06070003050703010707040603020207
03020304040200000705050004020001
07060007060407050606000601020206
01060204060100050102050301060105
04040203010304020400050303000700
01050102000305000106010400000301
00050001010403050303060406050706
02010505030705010607020406070401
00060204050501070503020105070701
00020707060405060404020006030207
07030704060501070003070001070105
02070504010407020003040507010300
06060700040207020606040502020006
02060706030503010702030607000204
03050500020306040006000706030205
03050004060705010603070200050004
04030001060204050507070700070605
01010702020200020307020603070202
04010502040002060107010607050701
00060200020203000601020500030604
01030007070100060001070406020401
04040207060203030400000500070306
00040506000300030607040207010306
03060102010207020702030301050502
05040207020506070606020006040005
02000605070600040600070005040703
03000404000304050102020002010000
05050200010503020002030303050202
02030303030406030005040503010005
02010404020103050000020602060304
07070103060703020100020506050700
02020105070301040206000102040504
06020507040602060305070103010706
04020504020000030701060002010604
01020304010500050503050101020300
01020204050207040207070700030401
03030306070600070704000201050403
03050500040604070502000501050602
03040502020706040002060207060502
04020605020100050202020206010505
00020401040302020100020403060207
03060500050400060602000702060600
02020305030301000103000004070102
05000707020006000006030101070402
05000005030406020607000601060406
01060303010302060701060403020703
07030104040506010302040601040400
06040002040403060006070506070702
04020002040203070100070105050701
04060305060504030207010404040703
06030207040006020603050405020007
05030406010204070505030500000104
04070304010607040006040107030000
03060207060406050701060600070304
05040001020707020000050104050106
04070303000500060605030400060700
06020202010706000307070600030306
03060307060005030506070001040706
06040007010202040005050006070204
02030700020601000203060600070601
04040600070107030305060201070201
06050401000405030103030002040602
03040304020405000307050102060007
01000501030406060007060107010200
00040602000701000703000501020406
05040402060202060207010000030007
01060106000601010407020502070000
03060200070103000200000206060702
02040002010007050402060503040404
07040200030507030201000603050204
05050004020506030402000706030006
07070501020406030004050701040603
04060706060006030203020606040503
00020602020602040002020704050201
06070503030206050302060701060606
01030400020403010400060502070707
06070004040100000006020201030305
07020507030001040301040003040102
05030200020500040202040605060002
07010002060500020604010606070003
04030400040207050601060607000305
07070000010605070301030502010407
03010502000201060300050701020307
07040004070404040204030007030307
00070101050607000105030206070006
00050100040306050401050203070105
07070006010305060404070501010505
01020203000401040504000300040000
05060200070004060503000206060300
07030003020605030303060406010502
01030401010002000700070600000404
02030602050005040501010606020301
04070700070305000202070400060101
04030501060401070103020007040405
06020003050006050302060206060706
03060005000606030007070502000401
03000100040601020005000603060600
05070302050400020502000300020100
05040705070200060000060201030507
05060100010103050404040500020404
05000707010205020206060504040305
02070400070006040206010603000606
07010003050100050501050302000606
04040202050007050006050107060103
00070501030504060004070405030301
05030301060506030604060601010705
00030401070703020007050006070407
06030203070203030307060500020201
07070204020607060203050202000404
03060100040100020302000205030203
05010505070002010704030204040203
04060000010303010605070006020504
00060103030707070702020602020303
02050500060300050300070007040606
02050706000407020004070001040204
04060503060300000206000502060706
00060401040703010307050407040106
01060403020203040606020304000505
06070201000004030504050101020102
03020201070706050202040704030202
07040605040301060006010405000707
01060302070003030604070605000604
06070505050601000206060106020000
00040607040201050705050506070504
05040506060105000402060507060000
00060603030200040701040404020201
06030204040003060300070100070503
07070106000403010400030005000200
07000504000406050301040205040207
00060200050004030705000407060503
02040307000405020501030002040402
04060104010505070604070707010300
05000602030302060104060502000302
03020606000307010304070607020406
02060006040505060204020701010501
06000007030202000701070302070203
03050507060701040507070400070405
06020605040007050105010703070001
02010603020106070002000306070403
01000606000700020106020101050001
03000704060403030602020703020700
03070700070505030306070507060005
03070102050007050005050501030201
02010007040104010103050400040404
02000707070001060501070603000503
00040606030004070604040605040403
02020705070501030703070502030601
04020303020405050102000306010307
07060404030700060603040501050601
05000701060104070104050501020604
04000607040403010401060101020200
00050602000303040602020004070703
02000106060606010707060603010206
06070301000403020202000204030605
04010604040205010707010005070603
00060204060506040701050303020004
07070202050506050103060207030601
04040301050502000503000004010406
06040504010303070400030202070604
02010305070704010105020304070501
00000500030106060707030405000400
02060706030401010501030401030701
06000705020406050600010701070001
03020000060003020405010303060200
06000204010104020205000505060200
02030306060100020504010501000706
00020605000202020305000004020202
06020502030301030304040301010001
04040602040302050406050403020301
07070603050002040306060402000607
01050506060205010605030702050403
03030507040104060600030502060704
03050206030503050606040704020506
03030607020107050104020706030402
03070402060106000306050604030405
03070003000107030601010305010601
03040602000706040100020700060207
04060202040502060704030604010201
06020101040603000402070103030605
06010001030503030600070601070406
03040403030301000403060100050201
00030706010001040004010403070607
06060200020400000104000601010401
00020404050403010204030001000601
07050100060301070107000601030503
04010200070402000401020301070101
04060705070603010702050407020101
01020302040106010407000103010306
06010602060600050305010301000405
07010704050200010407020502050504
03060507060501050000030406060504
00050605020606020701070202040505
04020606000301040401000007000604
06070002020701040006060000010700
04000402020202020302020501010302
05030107040001040000040503020507
01040600020202070503050005030101
04030504010400010002000307000705
00030102000204070607040401020501
00060304070301020107030007050306
05040006060002040004050705050505
07050407030307060506000106000602
03050200040106030106070205060100
04000502070704040406020607030400
05010402070104000004030204020302
02000607020600040705050501060305
05010302050405020303030007050204
04070102070102060602000400030602
03060602030501020706010400020202
02000504000203010300050203060007
00000107070305030303010001060002
05050107040605020206010605020000
01070706010302030504000302070004
07010103050401000703040704060504
05010200020106070205000506060607
07060007070601010302020001060007
05040602010205010703020203050306
03050703000000030402040101070306
07010407020306060506040203010302
02050600040101000203050105060703
03050504020702010503070602040606
04040202060407040607060506050703
02010506050602060005020604000105
01020404030700050302070607020600
07050400070704030202000506040102
03020704010203030007000401050207
03060306000706070601050400020703
03040602040400000202010100030602
04040500060301070602000607060303
00050301050402030100040605000206
01040400030000050701060405010100
04010305030105060605010304000400
07040605060100000300050507040703
01060107030601070200010004070701
01060203030507060701010606060501
02070506050105040305030500050007
00050707010206060204020303050305
02070203050200030003070606040501
01060405020502000501050403060607
01070707070203070002070003070003
00010201070000000306070205020401
01060107070705000307040403020402
04030306000406070606050605060107
01020203070305060204020205000004
01070501000603070405000700030401
03050602000000060206010001000501
06040102010705030405030307050704
06020701030002030406060306040107
02000000040207020405060402020506
01070203040500010500060401000600
00000000010003060306050303000306
03000205010405030200040001070103
06020201000206060301060607030400
00030305000101030500070407040501
00050607030602040101020407030706
00050603060302060707010706070601
06070300070606060202020607020601
07070505020105030407000202050601
01040100050005030004060705060207
04010107010506050201030705060107
03000705070702040402000005000006
00020407000601000502010100030200
07000002060001030603030202020506
05000407030507040206060204020003
04040503070600040706050604040107
05030403040305060606040105040305
07050707000203050406060307060206
05040005000506030404030602030400
00030204030700000207060402000500
05050206010003000504050207030707
02010305030401020005040002000501
02040005030201010103050703030407
03030705000105020606020407020506
05040701010503010006040105040505
04070303070601020702060007030505
04000602010406020605070501020106
06010503000306010306000002060701
03040302010307060202050005040007
02020005040603050200020401050400
04050101020706070505070204030103
07070200010305060304030103040400
01020307010506020701020600050101
07030705010603010202030700010206
00030501050407000707020500010706
00050403000703060200020000050404
04050706040300040003000607060502
03010500010207020301000106030201
00020305020301000202040100060403
04070006030701030006030601060103
07000700010401020500000002070607
01010105000703020105000504030601
06070201060505060207060504050404
06060201060503060206010707030107
03020200040703010703070505000307
01010400030306070206060404010604
04060306060103040205010204010607
03040000030603000706060506040007
04030506000702010202050103060307
03010704020202070101020600040001
02050007040704070507000607010100
07010600010105060506040101070102
01060207050507020103060103060503
07000301000206000301010703060406
05070103010603030601020305070601
03060503050504050207030004000004
01050201040701050502020304070201
01040504030601000603020102060704
06000506070003000306050103050403
01060601050307070102000402070504
02000403070102070007060307030301
00040506030203060003010402020204
04000503040200020404020404040101
05070401040004060501060101050607
01010602000105040204050007030103
06060606070302000202040506050300
04020403000301010401060303050202
03040303040303060403020606000402
02060203040204050600040606010507
06030007040502050005030407000505
00000301070400050607010503050406
06000704070606060604040307020405
05010704030001010704010006000701
04040706010006010500050606050706
07030606050005040005060503040302
02000401070502070106020402000405
00060304030601040602060705030005
00030105060702010001000305050306
03000206050603000706050707020504
03030201010303060604030404040306
06070705040407010307000701060705
04040507040707000507060306020602
07060706070300040707030502050403
01040305070401050706070002040004
02050605060004000000000303070501
00060602030205030506050305040403
05060101060504030001010007040000
01060707040401060604070305010101
05050605020500020606060704000706
07040500040607020200030302040100
07040006060103010500040102020603
03000204040704020507040103030704
07070406060105030703020001040405
05060403050502000301050301030104
05050602010400050507010205030501
04010300000104030103030205070601
05010201000307050102040202040306
03050505010303010604010104030702
06000101070700040400030003050100
06020102010405040306060705050405
00000106060106000101040600020504
06020605070102020602060102040202
02020705020305000001070403000206
01070304020705040700000202030007
00040006000602000500020504010502
01040000050607040704050600040202
06070703020605050601000304060605
00060301010002020600060301030605
04020305040105030003000107040704
07060105030207040305000704010104
05020206050606040007060203050003
06040605060003050302030100020202
01020507050404070305040600070607
04010104070407020505050701030503
05050604030504060701010507060206
01000205030000030607060104060501
07020403040202040202070501000306
